version https://git-lfs.github.com/spec/v1
oid sha256:e2cb82b1c420c4a08dae9a7c2570c54b31e7d25462ea3eda0f2ca95d3a290b77
size 853471
